0.039632	8.1068e+15	1.7506e+16	1.1377e+16	1.792e+16	9.2211e+15	3.5708e+15	7.5713e+15	1.8292e+14	4.9157e+15	3.1385e+16	6.497e+15	1.9693e+16	1.7722e+16	2.5269e+16	9.0298e+15	2.5367e+15	8.4524e+15	1.5743e+16	1.5205e+15	4.1572e+15	1.6569e+14	1.83e+16	2.3881e+16	6.4906e+15	1.1959e+16	1.2779e+16	6.9558e+15	2.8845e+15	1.1822e+16	3.1703e+16	1.2346e+16	1.0549e+16	1.096e+14	8.6149e+15	1.5768e+16	1.0121e+16	2.9045e+16	9.1635e+14	3.142e+16	9.703e+15	8.327e+15	3.3498e+15	3.3614e+15	9.0364e+14	1.1279e+16	1.2116e+16	5.6681e+15	6.1631e+15	8.3022e+15	1.2293e+16	1.0566e+16	2.9735e+15	5.1183e+15	2.3652e+14	1.8149e+16	1.2686e+16	2.3661e+15	6.4213e+15	2.0956e+14	9.3479e+15	1.6335e+16
8.1068e+15	0.16226	1.6372e+16	3.1509e+16	9.3721e+15	2.416e+16	1.5431e+16	2.2974e+16	1.5294e+16	1.2648e+16	1.3625e+16	2.2564e+16	7.2989e+14	1.5625e+16	6.5897e+15	4.6664e+15	9.3621e+15	2.0083e+15	3.4006e+16	1.7808e+15	1.663e+16	4.9612e+15	7.019e+15	6.9038e+15	1.4892e+15	2.9365e+15	1.0763e+16	2.179e+16	2.002e+16	1.2636e+16	5.8532e+15	1.4422e+16	1.3874e+16	1.2182e+16	5.241e+14	5.0087e+14	2.9341e+16	9.3773e+15	9.1973e+15	1.11e+16	5.5863e+15	2.5948e+16	2.6058e+16	5.0536e+15	7.1252e+15	1.7453e+16	1.9497e+16	2.7812e+16	1.2566e+16	2.4865e+15	4.7349e+15	3.8303e+15	1.7985e+16	5.5591e+15	2.2622e+16	2.1373e+16	1.7096e+15	2.508e+16	3.5321e+16	1.6062e+16	3.4203e+16	2.4555e+16
1.7506e+16	1.6372e+16	0.0075459	4.5929e+15	5.2433e+14	5.5967e+13	1.5783e+16	4.6858e+15	8.5846e+15	2.7391e+16	3.2422e+16	1.0136e+16	1.6751e+14	3.5812e+16	6.6416e+15	2.4057e+16	1.4509e+16	6.5072e+14	3.7929e+15	8.5151e+14	1.1276e+16	2.0206e+16	8.8477e+15	2.7749e+14	2.502e+13	6.6049e+15	9.4142e+15	2.5895e+16	1.9608e+16	4.7285e+15	1.0119e+16	2.9545e+16	1.2689e+16	6.4572e+15	1.9584e+16	1.1268e+16	2.4678e+14	2.114e+16	7.3266e+14	3.2385e+15	4.6761e+15	2.8985e+15	5.8004e+15	8.7112e+15	1.3056e+16	1.8423e+16	9.7537e+15	2.518e+16	6.7569e+15	2.4721e+14	3.564e+14	3.7789e+16	3.5821e+15	1.3316e+16	1.4377e+15	2.1115e+16	7.0665e+15	7.6075e+15	1.4938e+16	1.2459e+16	2.0741e+16	2.8238e+16
1.1377e+16	3.1509e+16	4.5929e+15	0.19545	3.6746e+15	1.6803e+16	7.8475e+15	8.3172e+14	1.8399e+16	2.0498e+16	6.7967e+15	6.4911e+15	9.5344e+15	1.3934e+16	1.8612e+16	1.1684e+16	1.2478e+16	1.8767e+16	1.1471e+16	3.2891e+15	3.4799e+16	2.0694e+15	8.6811e+15	1.5967e+16	2.92e+16	3.5679e+16	4.2726e+15	1.3985e+16	9.9877e+15	1.1525e+16	1.0565e+15	2.5818e+16	2.3793e+16	2.3437e+16	9.4191e+15	2.7218e+16	7.3065e+15	2.6441e+16	1.0443e+16	8.8418e+15	3.0111e+16	4.7992e+15	8.6701e+15	2.4373e+16	1.4471e+15	1.1343e+16	1.4857e+16	3.0119e+15	1.4117e+16	2.2791e+16	2.0114e+16	2.4641e+16	1.043e+16	3.4865e+15	2.0458e+16	7.9314e+15	1.6617e+16	2.0929e+16	1.3854e+16	8.9499e+15	1.5972e+16	3.7532e+15
1.792e+16	9.3721e+15	5.2433e+14	3.6746e+15	0.054306	2.7976e+15	1.0728e+16	1.2583e+16	2.9719e+16	3.0216e+16	2.5222e+16	8.1178e+15	9.9809e+15	1.523e+16	3.5714e+16	1.9221e+16	2.1304e+16	8.0413e+15	6.4218e+15	1.5009e+16	2.3563e+16	2.8038e+15	1.2103e+16	1.2804e+16	1.4532e+16	2.409e+16	3.3757e+16	2.2102e+16	8.3752e+15	1.0682e+16	1.3814e+16	2.3069e+16	5.2679e+15	1.0102e+16	1.4181e+15	6.0958e+15	2.8681e+16	4.0146e+16	1.6195e+16	3.4608e+15	5.6956e+15	7.9394e+14	5.5383e+15	2.1124e+15	5.7848e+14	6.7089e+15	3.5577e+15	2.1509e+16	1.1837e+16	1.9707e+16	2.6737e+16	2.2622e+16	6.5369e+15	6.9525e+15	9.814e+15	4.3642e+15	5.575e+15	2.8035e+16	1.3632e+16	6.186e+15	1.9239e+16	1.7048e+16
9.2211e+15	2.416e+16	5.5967e+13	1.6803e+16	2.7976e+15	0.076496	6.45e+15	1.6235e+16	1.1505e+16	2.8761e+16	1.8365e+16	2.1946e+16	3.0688e+15	2.9185e+16	2.7564e+16	1.5068e+15	1.0923e+16	5.1998e+15	2.3431e+16	8.644e+15	5.6845e+15	1.5063e+16	3.2981e+15	2.7433e+15	4.3873e+15	1.1658e+16	1.3287e+16	3.1036e+16	2.6068e+15	1.1779e+16	2.2055e+16	2.1581e+16	3.0374e+15	8.2767e+15	1.0023e+16	9.6943e+15	7.5554e+15	2.6856e+16	1.0965e+16	9.1337e+15	1.4518e+16	1.27e+16	3.167e+15	2.0487e+15	7.1847e+15	3.2603e+15	1.5774e+15	3.0096e+16	1.4063e+15	3.4852e+15	2.2615e+16	4.0098e+16	2.1378e+15	4.0548e+15	4.7897e+15	5.5815e+15	2.3894e+16	2.7702e+16	7.6884e+15	1.0591e+16	5.8292e+15	2.6865e+16
3.5708e+15	1.5431e+16	1.5783e+16	7.8475e+15	1.0728e+16	6.45e+15	0.003678	1.473e+16	6.0168e+15	1.2886e+16	5.8139e+15	2.7597e+16	2.9705e+16	3.6634e+15	2.0197e+16	8.1461e+15	3.4301e+16	3.4901e+16	4.0505e+16	1.7664e+16	1.095e+16	5.5038e+15	1.2247e+16	1.5045e+16	6.3595e+15	8.2994e+15	9.9719e+15	2.5227e+16	2.7634e+15	6.1193e+15	2.6212e+16	1.8873e+15	3.3238e+14	9.1413e+15	1.365e+16	1.1976e+16	8.9714e+15	6.654e+15	5.7427e+15	1.328e+16	1.9786e+16	2.8443e+16	2.3259e+16	1.7836e+16	6.4657e+15	2.3667e+16	1.5951e+16	5.6536e+15	1.3404e+16	4.9116e+15	1.6695e+16	3.6461e+15	3.907e+15	3.113e+16	1.6008e+16	9.572e+15	9.1692e+15	2.3017e+15	1.3363e+16	7.8796e+15	7.6628e+13	3.4976e+14
7.5713e+15	2.2974e+16	4.6858e+15	8.3172e+14	1.2583e+16	1.6235e+16	1.473e+16	0.02483	1.371e+16	4.0876e+16	1.5294e+16	7.5008e+14	1.6551e+16	2.9919e+16	1.7245e+16	1.5969e+16	2.9859e+16	1.2237e+16	7.897e+15	1.088e+16	2.3899e+16	4.8985e+15	1.703e+16	1.3359e+16	1.3876e+16	1.6827e+16	1.8576e+16	2.6626e+16	3.0928e+16	1.9048e+16	2.7299e+16	2.4958e+16	1.7965e+16	1.841e+16	1.8678e+16	1.8022e+16	2.3034e+16	3.5628e+16	6.752e+15	2.6557e+16	3.4159e+16	1.5651e+15	6.6098e+13	1.2613e+16	2.1991e+16	1.0256e+16	1.9094e+14	6.0787e+15	1.3406e+16	1.2405e+16	3.6711e+16	4.4583e+16	7.2521e+15	1.0488e+16	4.2366e+15	2.7551e+15	8.4052e+14	2.4041e+16	1.8848e+16	4.6458e+13	2.6819e+16	1.8305e+16
1.8292e+14	1.5294e+16	8.5846e+15	1.8399e+16	2.9719e+16	1.1505e+16	6.0168e+15	1.371e+16	0.037893	5.9686e+15	1.3103e+16	2.6628e+16	1.0099e+16	1.0059e+16	2.9392e+16	1.4362e+14	1.9915e+16	1.1885e+16	4.2868e+16	3.0691e+14	6.6102e+15	2.0871e+15	2.7441e+14	7.2799e+15	8.7127e+15	1.7252e+16	2.1952e+15	3.5957e+15	2.3601e+16	1.3692e+16	3.0962e+15	4.0922e+15	1.4393e+16	3.0788e+16	2.321e+16	1.33e+16	6.2068e+15	1.4664e+16	6.815e+15	8.3531e+15	2.0782e+16	1.271e+16	2.2401e+16	3.1669e+16	4.7185e+15	1.2461e+16	2.789e+15	2.9148e+15	1.7386e+16	7.5676e+15	6.2692e+15	1.7247e+16	4.2871e+15	2.0015e+16	1.5843e+16	2.1427e+16	4.7015e+15	2.685e+15	2.4115e+16	1.1263e+16	5.6872e+15	1.8172e+15
4.9157e+15	1.2648e+16	2.7391e+16	2.0498e+16	3.0216e+16	2.8761e+16	1.2886e+16	4.0876e+16	5.9686e+15	0.018039	6.8434e+15	1.5597e+16	2.7374e+16	3.0639e+15	1.4265e+16	5.6267e+15	1.7241e+16	2.4232e+16	3.3787e+16	2.5433e+16	3.6714e+16	5.5957e+15	7.0415e+15	3.4036e+16	3.0161e+16	1.601e+15	5.2846e+15	4.5033e+15	2.9544e+16	3.0792e+15	3.6774e+16	4.4295e+15	2.558e+16	1.1626e+16	3.9719e+16	1.9698e+16	1.7217e+16	1.1078e+16	1.5181e+16	3.904e+16	2.7927e+15	2.4209e+16	3.6673e+16	3.1201e+16	3.5875e+16	1.4067e+16	3.5626e+16	4.597e+16	3.5663e+16	2.8823e+16	9.0488e+15	3.251e+16	2.9413e+16	2.7973e+16	3.4441e+16	1.8718e+16	3.4019e+16	6.4392e+15	2.1604e+16	3.3834e+16	2.5168e+16	2.202e+14
3.1385e+16	1.3625e+16	3.2422e+16	6.7967e+15	2.5222e+16	1.8365e+16	5.8139e+15	1.5294e+16	1.3103e+16	6.8434e+15	0.0027867	1.3677e+16	1.788e+16	1.9646e+16	1.8414e+15	1.7708e+16	2.0248e+16	3.7119e+15	2.2207e+16	1.9639e+16	2.4739e+15	3.4211e+16	2.0731e+16	2.3691e+16	1.7252e+15	1.4805e+15	1.0852e+16	2.9138e+15	9.3289e+15	1.2989e+16	4.197e+16	2.1016e+16	1.3803e+16	4.817e+15	9.0744e+15	1.0511e+16	1.1549e+16	7.9519e+15	1.6979e+16	3.4939e+16	5.12e+15	2.6733e+15	2.5157e+16	1.056e+16	2.3344e+16	4.9428e+15	2.3653e+16	2.2437e+16	1.3275e+16	5.7787e+15	4.0213e+15	1.0144e+16	8.567e+15	2.2332e+16	1.7491e+16	9.7856e+15	1.3657e+16	1.036e+15	1.0096e+16	2.2294e+16	1.0463e+16	1.0542e+16
6.497e+15	2.2564e+16	1.0136e+16	6.4911e+15	8.1178e+15	2.1946e+16	2.7597e+16	7.5008e+14	2.6628e+16	1.5597e+16	1.3677e+16	0.018409	2.2945e+16	6.5251e+15	2.8883e+15	1.4918e+16	1.5435e+16	1.1513e+16	1.6552e+16	8.2902e+15	7.1399e+15	8.3534e+15	6.7791e+15	3.1754e+15	3.2431e+15	1.5958e+16	6.2788e+15	2.6224e+16	9.2661e+15	2.1557e+16	1.1911e+16	2.6102e+16	2.5928e+15	2.7521e+14	4.3617e+15	1.6542e+16	2.1202e+16	6.7801e+15	1.6777e+16	5.1871e+15	2.0101e+16	1.418e+16	5.6031e+15	1.209e+16	2.5688e+15	3.2892e+15	6.9753e+15	1.9963e+16	5.3731e+15	3.2127e+15	7.6853e+15	7.6461e+15	1.3441e+16	1.2132e+16	1.0459e+16	5.6853e+15	1.0539e+16	2.7138e+16	2.2977e+16	3.7267e+15	6.5951e+15	3.4893e+16
1.9693e+16	7.2989e+14	1.6751e+14	9.5344e+15	9.9809e+15	3.0688e+15	2.9705e+16	1.6551e+16	1.0099e+16	2.7374e+16	1.788e+16	2.2945e+16	0.02275	4.2471e+16	2.87e+16	2.0408e+16	9.0492e+15	3.3043e+16	8.7223e+14	2.2071e+16	3.2252e+16	3.4318e+16	1.3796e+16	2.3265e+16	2.45e+16	3.2456e+16	2.2568e+16	3.24e+16	1.3695e+15	4.1295e+16	8.9288e+15	4.0308e+16	1.4165e+16	2.1671e+16	2.9742e+16	5.6371e+15	8.9586e+15	7.3932e+15	5.4341e+15	1.5405e+16	2.6416e+16	3.0047e+16	1.0654e+16	7.1592e+15	8.0502e+15	2.6671e+16	1.8368e+16	1.0701e+16	9.544e+15	1.9819e+16	2.15e+16	2.6099e+15	1.4573e+16	2.4755e+16	2.2388e+15	2.7427e+16	2.7858e+16	1.0843e+16	1.6971e+16	2.9491e+16	4.05e+15	1.3381e+16
1.7722e+16	1.5625e+16	3.5812e+16	1.3934e+16	1.523e+16	2.9185e+16	3.6634e+15	2.9919e+16	1.0059e+16	3.0639e+15	1.9646e+16	6.5251e+15	4.2471e+16	0.0048135	2.1099e+16	1.6434e+16	1.3314e+16	2.1551e+16	4.6422e+16	1.6993e+16	8.3912e+15	1.443e+16	2.5578e+16	1.3571e+16	1.9439e+16	2.3069e+15	2.5316e+16	3.244e+15	1.9856e+16	2.0619e+16	2.4455e+16	7.1803e+15	2.9558e+16	3.0415e+16	3.114e+16	4.2011e+16	3.7218e+16	1.7151e+16	3.0511e+16	2.149e+16	2.9728e+15	3.1339e+16	2.3218e+16	1.2496e+16	3.5401e+16	9.7465e+15	3.8473e+16	4.6335e+16	2.3679e+16	2.2399e+16	4.9981e+15	1.1694e+15	2.1424e+15	2.3414e+16	2.9767e+16	2.6351e+16	1.6515e+15	8.2222e+14	4.4862e+16	2.6004e+16	2.8849e+16	9.1056e+14
2.5269e+16	6.5897e+15	6.6416e+15	1.8612e+16	3.5714e+16	2.7564e+16	2.0197e+16	1.7245e+16	2.9392e+16	1.4265e+16	1.8414e+15	2.8883e+15	2.87e+16	2.1099e+16	0.12009	4.8396e+15	1.5452e+16	5.0129e+15	1.5966e+16	5.868e+15	1.067e+16	2.0883e+15	5.268e+15	8.3848e+15	2.33e+14	1.0758e+16	6.0079e+15	1.5505e+16	1.7866e+15	1.4208e+16	3.7762e+16	2.2232e+16	1.0509e+16	7.018e+13	1.9899e+15	4.3545e+15	1.9518e+15	1.9884e+16	1.0111e+16	1.6813e+16	1.4852e+16	1.1418e+15	9.4449e+15	8.6958e+15	4.6585e+15	4.8529e+15	4.9376e+15	7.2208e+15	2.225e+15	1.0164e+15	2.9301e+16	1.0757e+16	6.7587e+15	1.0936e+16	1.3474e+16	1.3741e+16	1.3749e+16	1.8263e+16	8.01e+15	1.1184e+16	1.0371e+16	2.1667e+16
9.0298e+15	4.6664e+15	2.4057e+16	1.1684e+16	1.9221e+16	1.5068e+15	8.1461e+15	1.5969e+16	1.4362e+14	5.6267e+15	1.7708e+16	1.4918e+16	2.0408e+16	1.6434e+16	4.8396e+15	0.13102	3.5003e+16	3.5008e+15	9.7538e+15	5.295e+15	1.865e+16	7.1827e+15	3.6387e+16	1.4991e+16	3.8617e+15	8.917e+15	1.5117e+16	6.3865e+15	1.3078e+16	7.8893e+15	3.3451e+16	1.5483e+16	1.3969e+16	1.2741e+16	6.4924e+15	8.1189e+15	5.7611e+15	5.6254e+15	3.8101e+16	2.2889e+16	2.8479e+16	1.1407e+16	3.2071e+14	4.4577e+15	1.7501e+16	8.4066e+15	3.2112e+15	8.1393e+14	8.3351e+15	7.9401e+15	2.0881e+16	2.3248e+16	1.2296e+16	5.5292e+14	8.1965e+15	4.5441e+15	7.9805e+15	2.1333e+16	2.3519e+15	1.1317e+15	3.4687e+16	6.416e+15
2.5367e+15	9.3621e+15	1.4509e+16	1.2478e+16	2.1304e+16	1.0923e+16	3.4301e+16	2.9859e+16	1.9915e+16	1.7241e+16	2.0248e+16	1.5435e+16	9.0492e+15	1.3314e+16	1.5452e+16	3.5003e+16	0.024339	1.7126e+16	2.4608e+16	8.3637e+15	9.8399e+15	3.4131e+16	6.2948e+15	6.6224e+15	6.358e+14	1.4829e+16	1.1887e+15	5.3621e+15	1.0672e+16	2.3452e+15	2.7001e+16	1.9657e+14	8.5005e+15	5.1276e+15	8.029e+14	1.0107e+16	2.9442e+16	1.9142e+16	9.0283e+15	2.2038e+16	1.0474e+16	8.1938e+15	1.595e+15	2.5245e+16	1.086e+16	3.7201e+13	3.7944e+16	2.786e+16	1.1909e+16	7.3856e+15	2.1139e+16	5.3777e+15	1.2845e+16	6.7957e+15	1.7493e+16	2.0335e+16	2.6192e+16	1.4483e+16	1.4372e+16	6.7747e+15	2.588e+16	1.983e+14
8.4524e+15	2.0083e+15	6.5072e+14	1.8767e+16	8.0413e+15	5.1998e+15	3.4901e+16	1.2237e+16	1.1885e+16	2.4232e+16	3.7119e+15	1.1513e+16	3.3043e+16	2.1551e+16	5.0129e+15	3.5008e+15	1.7126e+16	0.052456	3.3646e+15	1.6693e+16	1.3151e+15	9.2767e+15	1.34e+16	9.6565e+15	3.1795e+15	1.1839e+16	2.2322e+15	3.5791e+16	4.4614e+15	2.0136e+16	3.6763e+16	2.712e+16	1.5268e+16	3.1133e+16	1.1484e+16	1.1441e+16	5.0438e+15	1.4053e+16	1.0394e+16	9.6627e+15	1.5224e+16	1.6725e+15	1.2033e+16	1.4809e+16	1.0212e+16	8.9863e+15	6.1461e+15	7.9781e+15	1.6471e+15	3.241e+15	2.5273e+16	6.0863e+16	4.4152e+15	2.7368e+15	8.0873e+14	1.0376e+16	3.1815e+16	3.7729e+16	3.4793e+15	1.2305e+16	1.4108e+15	2.211e+15
1.5743e+16	3.4006e+16	3.7929e+15	1.1471e+16	6.4218e+15	2.3431e+16	4.0505e+16	7.897e+15	4.2868e+16	3.3787e+16	2.2207e+16	1.6552e+16	8.7223e+14	4.6422e+16	1.5966e+16	9.7538e+15	2.4608e+16	3.3646e+15	0.046187	1.1759e+16	4.676e+16	9.2351e+15	3.5071e+16	1.1587e+16	2.789e+16	4.8043e+16	1.9144e+16	1.5789e+16	8.1637e+15	3.5685e+16	4.0223e+15	3.9915e+16	1.4763e+15	3.8223e+15	2.8492e+16	5.223e+15	1.8762e+16	2.3196e+16	3.1327e+16	3.3218e+15	1.7723e+16	2.1783e+15	1.949e+15	1.8539e+16	6.8841e+15	1.0197e+16	1.1759e+16	1.0353e+16	2.2586e+16	3.3132e+16	2.8271e+16	2.7976e+16	2.9536e+16	2.4873e+16	1.4093e+16	2.388e+16	1.8137e+16	1.6262e+16	3.0901e+15	9.0136e+15	1.7224e+16	2.4257e+16
1.5205e+15	1.7808e+15	8.5151e+14	3.2891e+15	1.5009e+16	8.644e+15	1.7664e+16	1.088e+16	3.0691e+14	2.5433e+16	1.9639e+16	8.2902e+15	2.2071e+16	1.6993e+16	5.868e+15	5.295e+15	8.3637e+15	1.6693e+16	1.1759e+16	0.092947	3.9409e+15	8.9494e+15	1.8677e+16	1.1381e+15	5.2439e+15	1.246e+16	1.557e+16	2.2321e+16	2.0258e+16	1.0336e+15	1.8447e+16	1.6857e+16	8.5422e+15	2.1652e+16	1.0495e+14	2.2065e+16	1.7188e+16	8.2182e+15	1.3372e+16	2.7726e+15	2.9325e+16	9.5269e+15	1.9111e+16	1.3295e+16	1.1213e+16	1.2001e+16	4.7478e+14	8.6151e+15	7.9323e+15	5.0162e+15	1.7991e+16	4.0792e+16	1.9896e+15	3.7794e+15	1.105e+16	5.8997e+15	1.3302e+16	1.6632e+16	3.5467e+15	6.7907e+15	1.8253e+16	4.7443e+15
4.1572e+15	1.663e+16	1.1276e+16	3.4799e+16	2.3563e+16	5.6845e+15	1.095e+16	2.3899e+16	6.6102e+15	3.6714e+16	2.4739e+15	7.1399e+15	3.2252e+16	8.3912e+15	1.067e+16	1.865e+16	9.8399e+15	1.3151e+15	4.676e+16	3.9409e+15	0.0024112	9.8073e+15	6.7652e+15	1.578e+15	8.2302e+15	3.3328e+14	9.5527e+14	3.8737e+15	1.4647e+16	1.0182e+16	3.5965e+16	1.2053e+16	1.3472e+16	1.3554e+16	9.4123e+15	4.0247e+15	1.7241e+16	1.1487e+16	4.2379e+15	1.083e+16	1.4558e+16	1.7665e+16	2.9211e+16	1.7659e+15	1.9585e+16	3.6088e+15	2.8903e+16	3.2527e+16	1.3478e+16	6.502e+15	2.2812e+15	1.1855e+16	6.8957e+15	1.0114e+16	1.8164e+16	3.5823e+15	1.7926e+16	9.5908e+15	1.8586e+16	1.9948e+16	5.5516e+15	1.6861e+16
1.6569e+14	4.9612e+15	2.0206e+16	2.0694e+15	2.8038e+15	1.5063e+16	5.5038e+15	4.8985e+15	2.0871e+15	5.5957e+15	3.4211e+16	8.3534e+15	3.4318e+16	1.443e+16	2.0883e+15	7.1827e+15	3.4131e+16	9.2767e+15	9.2351e+15	8.9494e+15	9.8073e+15	0.073826	2.167e+16	2.6079e+16	1.6639e+14	8.6827e+15	3.0403e+14	1.7745e+16	6.743e+15	1.3992e+16	2.5501e+16	1.645e+16	9.0283e+15	4.9852e+15	6.7043e+15	8.6285e+15	8.1929e+15	1.147e+16	1.3013e+16	2.9107e+16	1.7184e+16	2.8148e+15	1.8042e+16	5.6025e+15	1.399e+16	1.548e+16	1.22e+16	1.3817e+16	2.5086e+15	2.9689e+15	2.8703e+16	1.6806e+16	1.8831e+16	1.6341e+15	2.0351e+16	4.1683e+15	4.4723e+15	5.1666e+15	9.1934e+15	2.0867e+15	2.5687e+16	2.0825e+16
1.83e+16	7.019e+15	8.8477e+15	8.6811e+15	1.2103e+16	3.2981e+15	1.2247e+16	1.703e+16	2.7441e+14	7.0415e+15	2.0731e+16	6.7791e+15	1.3796e+16	2.5578e+16	5.268e+15	3.6387e+16	6.2948e+15	1.34e+16	3.5071e+16	1.8677e+16	6.7652e+15	2.167e+16	0.0048518	2.6792e+16	2.6352e+16	1.5016e+16	2.27e+16	9.4549e+15	8.0081e+15	1.6766e+15	4.7955e+16	6.7335e+15	9.3814e+15	3.686e+15	6.3894e+15	1.8502e+16	7.7734e+12	2.1044e+15	4.3848e+14	3.4433e+16	1.0588e+16	3.0545e+16	4.3283e+15	1.0226e+16	6.1711e+15	1.2498e+16	9.1485e+15	3.5327e+16	2.798e+16	2.6969e+16	9.8069e+15	4.2041e+16	1.7794e+16	1.1458e+16	7.7108e+14	1.4585e+16	2.9291e+16	4.8895e+15	3.9208e+15	2.4272e+16	2.3214e+16	1.8542e+16
2.3881e+16	6.9038e+15	2.7749e+14	1.5967e+16	1.2804e+16	2.7433e+15	1.5045e+16	1.3359e+16	7.2799e+15	3.4036e+16	2.3691e+16	3.1754e+15	2.3265e+16	1.3571e+16	8.3848e+15	1.4991e+16	6.6224e+15	9.6565e+15	1.1587e+16	1.1381e+15	1.578e+15	2.6079e+16	2.6792e+16	0.10521	4.467e+15	1.4908e+16	1.8632e+16	3.9883e+16	1.3323e+16	7.2069e+15	2.6416e+16	2.9494e+16	6.2759e+15	2.5348e+16	5.6939e+15	6.6428e+15	2.054e+16	8.6167e+15	9.9238e+15	2.5242e+15	1.6052e+16	2.6399e+15	9.8318e+15	7.9172e+15	4.971e+15	9.3758e+14	4.8376e+15	2.1294e+16	2.0572e+15	5.3408e+13	2.0503e+16	4.7205e+16	4.7014e+15	4.6358e+15	7.0725e+15	7.7277e+15	3.111e+16	2.3161e+16	7.1334e+14	7.5885e+15	4.1418e+15	1.296e+16
6.4906e+15	1.4892e+15	2.502e+13	2.92e+16	1.4532e+16	4.3873e+15	6.3595e+15	1.3876e+16	8.7127e+15	3.0161e+16	1.7252e+15	3.2431e+15	2.45e+16	1.9439e+16	2.33e+14	3.8617e+15	6.358e+14	3.1795e+15	2.789e+16	5.2439e+15	8.2302e+15	1.6639e+14	2.6352e+16	4.467e+15	0.15268	3.0825e+15	9.3841e+15	1.2308e+16	1.3856e+16	1.7225e+16	3.1516e+16	2.0427e+16	6.2332e+15	2.4348e+16	1.103e+15	9.2733e+15	7.9539e+15	4.5125e+15	2.3918e+16	3.1415e+15	2.8525e+16	2.2356e+15	1.3447e+16	6.8272e+15	8.9439e+15	5.0897e+15	1.3445e+16	1.8369e+16	3.6866e+15	1.955e+15	1.7335e+13	1.9301e+16	1.5739e+16	9.0551e+15	8.8174e+14	6.2031e+15	1.5551e+16	6.5624e+15	2.5942e+16	1.2264e+16	9.7313e+15	1.6841e+16
1.1959e+16	2.9365e+15	6.6049e+15	3.5679e+16	2.409e+16	1.1658e+16	8.2994e+15	1.6827e+16	1.7252e+16	1.601e+15	1.4805e+15	1.5958e+16	3.2456e+16	2.3069e+15	1.0758e+16	8.917e+15	1.4829e+16	1.1839e+16	4.8043e+16	1.246e+16	3.3328e+14	8.6827e+15	1.5016e+16	1.4908e+16	3.0825e+15	0.02688	8.5858e+15	2.9405e+15	3.1078e+16	1.6634e+15	3.4623e+16	1.1803e+15	3.6992e+15	1.2897e+16	6.8056e+15	2.2018e+16	1.2249e+16	2.0949e+16	1.72e+16	2.7181e+16	2.474e+16	1.5754e+16	3.1784e+16	2.8644e+15	1.1873e+16	9.0271e+15	2.7749e+16	2.2578e+16	4.9836e+15	3.3618e+15	2.1885e+15	8.5869e+15	8.676e+15	1.3778e+16	2.609e+16	1.4193e+16	1.7615e+16	4.0958e+15	5.0886e+15	1.7365e+16	9.5775e+15	3.6022e+15
1.2779e+16	1.0763e+16	9.4142e+15	4.2726e+15	3.3757e+16	1.3287e+16	9.9719e+15	1.8576e+16	2.1952e+15	5.2846e+15	1.0852e+16	6.2788e+15	2.2568e+16	2.5316e+16	6.0079e+15	1.5117e+16	1.1887e+15	2.2322e+15	1.9144e+16	1.557e+16	9.5527e+14	3.0403e+14	2.27e+16	1.8632e+16	9.3841e+15	8.5858e+15	0.10517	2.6699e+16	1.6087e+16	2.1448e+16	2.6824e+16	2.9518e+16	1.5385e+16	8.2837e+15	4.9984e+15	2.981e+16	2.1962e+16	2.0002e+16	2.9197e+16	1.5e+16	1.8989e+16	3.4295e+15	2.9337e+15	1.4285e+16	2.4634e+13	3.1963e+15	3.3641e+16	1.929e+16	2.2345e+16	1.2663e+16	1.3032e+16	9.5178e+15	7.0442e+15	1.3664e+16	1.6689e+16	1.27e+16	6.6095e+15	6.2238e+15	1.4342e+16	1.1529e+16	1.6719e+16	1.9315e+16
6.9558e+15	2.179e+16	2.5895e+16	1.3985e+16	2.2102e+16	3.1036e+16	2.5227e+16	2.6626e+16	3.5957e+15	4.5033e+15	2.9138e+15	2.6224e+16	3.24e+16	3.244e+15	1.5505e+16	6.3865e+15	5.3621e+15	3.5791e+16	1.5789e+16	2.2321e+16	3.8737e+15	1.7745e+16	9.4549e+15	3.9883e+16	1.2308e+16	2.9405e+15	2.6699e+16	0.027466	3.0685e+15	1.7486e+16	2.1549e+16	8.0423e+15	2.6944e+16	2.7087e+16	2.954e+16	2.8468e+16	4.5536e+16	1.107e+16	2.7972e+16	4.0277e+16	3.4406e+16	2.6953e+16	1.3515e+16	1.8852e+16	3.4438e+16	1.684e+16	2.466e+16	5.2266e+16	1.7228e+16	2.0599e+16	1.4665e+16	5.1422e+14	8.0844e+15	1.3871e+16	1.3531e+16	2.751e+16	1.3348e+16	2.8895e+15	2.5437e+16	3.3246e+16	1.9191e+16	1.3817e+15
2.8845e+15	2.002e+16	1.9608e+16	9.9877e+15	8.3752e+15	2.6068e+15	2.7634e+15	3.0928e+16	2.3601e+16	2.9544e+16	9.3289e+15	9.2661e+15	1.3695e+15	1.9856e+16	1.7866e+15	1.3078e+16	1.0672e+16	4.4614e+15	8.1637e+15	2.0258e+16	1.4647e+16	6.743e+15	8.0081e+15	1.3323e+16	1.3856e+16	3.1078e+16	1.6087e+16	3.0685e+15	0.021042	6.6538e+15	9.5743e+15	1.6011e+16	9.9152e+15	1.6218e+16	4.9566e+15	1.042e+16	1.2143e+15	3.8559e+15	5.7949e+15	4.5418e+15	7.3697e+14	3.9143e+15	9.506e+15	3.2469e+15	1.6929e+15	6.2115e+15	4.2532e+14	1.8988e+16	8.3574e+15	7.9533e+15	2.494e+16	2.2392e+16	6.3751e+15	3.8424e+15	3.4944e+14	1.5781e+16	3.2438e+15	6.3422e+15	9.5269e+15	1.4266e+15	2.5619e+16	1.127e+16
1.1822e+16	1.2636e+16	4.7285e+15	1.1525e+16	1.0682e+16	1.1779e+16	6.1193e+15	1.9048e+16	1.3692e+16	3.0792e+15	1.2989e+16	2.1557e+16	4.1295e+16	2.0619e+16	1.4208e+16	7.8893e+15	2.3452e+15	2.0136e+16	3.5685e+16	1.0336e+15	1.0182e+16	1.3992e+16	1.6766e+15	7.2069e+15	1.7225e+16	1.6634e+15	2.1448e+16	1.7486e+16	6.6538e+15	0.044276	3.4433e+16	1.6582e+16	2.6417e+16	1.9472e+16	1.1816e+16	2.735e+16	2.5153e+16	1.8444e+16	2.3457e+15	6.8084e+15	1.3109e+16	1.9889e+16	2.9615e+16	1.2928e+15	3.5163e+15	1.1818e+16	3.0647e+16	3.7325e+16	1.5343e+16	1.7633e+16	1.1953e+16	1.3408e+16	1.3261e+15	2.3476e+16	3.2403e+16	5.3096e+15	2.3547e+16	7.4884e+15	3.2527e+15	7.6928e+15	1.5416e+16	3.0647e+15
3.1703e+16	5.8532e+15	1.0119e+16	1.0565e+15	1.3814e+16	2.2055e+16	2.6212e+16	2.7299e+16	3.0962e+15	3.6774e+16	4.197e+16	1.1911e+16	8.9288e+15	2.4455e+16	3.7762e+16	3.3451e+16	2.7001e+16	3.6763e+16	4.0223e+15	1.8447e+16	3.5965e+16	2.5501e+16	4.7955e+16	2.6416e+16	3.1516e+16	3.4623e+16	2.6824e+16	2.1549e+16	9.5743e+15	3.4433e+16	0.0045999	3.8043e+16	3.6582e+16	3.3291e+16	1.7838e+16	1.573e+16	9.5587e+14	4.7219e+15	3.9718e+16	1.8987e+16	1.8844e+16	2.4229e+16	5.9037e+15	1.9424e+15	3.5292e+15	2.9806e+16	2.334e+15	1.0631e+16	1.8653e+16	2.8923e+16	1.6286e+16	1.4961e+16	1.065e+16	1.8201e+16	2.116e+16	1.7767e+16	1.1007e+16	1.6598e+16	2.3725e+16	1.8102e+16	1.626e+15	1.675e+16
1.2346e+16	1.4422e+16	2.9545e+16	2.5818e+16	2.3069e+16	2.1581e+16	1.8873e+15	2.4958e+16	4.0922e+15	4.4295e+15	2.1016e+16	2.6102e+16	4.0308e+16	7.1803e+15	2.2232e+16	1.5483e+16	1.9657e+14	2.712e+16	3.9915e+16	1.6857e+16	1.2053e+16	1.645e+16	6.7335e+15	2.9494e+16	2.0427e+16	1.1803e+15	2.9518e+16	8.0423e+15	1.6011e+16	1.6582e+16	3.8043e+16	0.0012543	3.8287e+16	1.9606e+16	2.308e+16	4.6821e+16	2.8069e+16	1.9276e+16	1.9984e+16	3.1485e+16	1.4797e+16	2.1084e+16	2.2376e+16	6.5738e+15	4.0716e+16	1.7918e+16	2.9334e+16	3.6602e+16	2.2313e+16	2.2573e+16	1.8804e+16	7.5103e+14	5.042e+15	2.6209e+16	3.5803e+16	2.0009e+16	2.3964e+16	8.2227e+15	3.8662e+16	3.027e+16	1.3882e+15	1.6711e+16
1.0549e+16	1.3874e+16	1.2689e+16	2.3793e+16	5.2679e+15	3.0374e+15	3.3238e+14	1.7965e+16	1.4393e+16	2.558e+16	1.3803e+16	2.5928e+15	1.4165e+16	2.9558e+16	1.0509e+16	1.3969e+16	8.5005e+15	1.5268e+16	1.4763e+15	8.5422e+15	1.3472e+16	9.0283e+15	9.3814e+15	6.2759e+15	6.2332e+15	3.6992e+15	1.5385e+16	2.6944e+16	9.9152e+15	2.6417e+16	3.6582e+16	3.8287e+16	0.00070344	1.6933e+16	1.4458e+16	4.0841e+15	1.6227e+16	2.0299e+16	5.4014e+15	3.5552e+15	2.7594e+16	1.4608e+16	1.1446e+16	3.4503e+15	2.282e+16	1.8083e+15	1.8113e+16	1.1012e+16	7.3283e+15	4.4555e+15	3.8715e+16	3.0267e+16	2.838e+16	1.0973e+15	1.12e+15	1.2001e+16	1.1998e+16	2.4244e+16	1.1837e+16	5.5221e+15	7.401e+15	5.8792e+15
1.096e+14	1.2182e+16	6.4572e+15	2.3437e+16	1.0102e+16	8.2767e+15	9.1413e+15	1.841e+16	3.0788e+16	1.1626e+16	4.817e+15	2.7521e+14	2.1671e+16	3.0415e+16	7.018e+13	1.2741e+16	5.1276e+15	3.1133e+16	3.8223e+15	2.1652e+16	1.3554e+16	4.9852e+15	3.686e+15	2.5348e+16	2.4348e+16	1.2897e+16	8.2837e+15	2.7087e+16	1.6218e+16	1.9472e+16	3.3291e+16	1.9606e+16	1.6933e+16	0.0053747	6.428e+15	1.6273e+16	2.1098e+16	1.5711e+16	8.1316e+15	1.7558e+16	1.3172e+15	6.4494e+15	1.6097e+16	7.9981e+15	8.3991e+15	1.7068e+16	8.3294e+14	2.1017e+16	2.0011e+16	2.2502e+16	2.2966e+15	3.5943e+16	1.7577e+15	1.2635e+15	3.7667e+14	2.2538e+15	3.823e+16	5.2718e+15	7.1831e+15	2.1579e+16	4.0467e+15	3.192e+15
8.6149e+15	5.241e+14	1.9584e+16	9.4191e+15	1.4181e+15	1.0023e+16	1.365e+16	1.8678e+16	2.321e+16	3.9719e+16	9.0744e+15	4.3617e+15	2.9742e+16	3.114e+16	1.9899e+15	6.4924e+15	8.029e+14	1.1484e+16	2.8492e+16	1.0495e+14	9.4123e+15	6.7043e+15	6.3894e+15	5.6939e+15	1.103e+15	6.8056e+15	4.9984e+15	2.954e+16	4.9566e+15	1.1816e+16	1.7838e+16	2.308e+16	1.4458e+16	6.428e+15	0.0059281	8.2254e+14	1.3085e+16	5.0182e+15	7.0056e+15	1.3246e+15	1.7896e+16	1.1165e+16	7.0418e+15	7.2211e+15	8.773e+15	1.5011e+15	1.135e+16	2.657e+16	1.1476e+16	2.116e+11	1.9776e+16	3.1307e+16	2.0165e+16	5.763e+15	6.5348e+15	6.0029e+15	2.2599e+15	1.4724e+16	2.4864e+16	3.6304e+15	1.2199e+16	2.4623e+16
1.5768e+16	5.0087e+14	1.1268e+16	2.7218e+16	6.0958e+15	9.6943e+15	1.1976e+16	1.8022e+16	1.33e+16	1.9698e+16	1.0511e+16	1.6542e+16	5.6371e+15	4.2011e+16	4.3545e+15	8.1189e+15	1.0107e+16	1.1441e+16	5.223e+15	2.2065e+16	4.0247e+15	8.6285e+15	1.8502e+16	6.6428e+15	9.2733e+15	2.2018e+16	2.981e+16	2.8468e+16	1.042e+16	2.735e+16	1.573e+16	4.6821e+16	4.0841e+15	1.6273e+16	8.2254e+14	0.16901	9.6546e+15	1.6846e+16	2.2831e+16	1.0657e+16	4.0181e+16	3.6318e+15	1.1106e+14	9.11e+15	6.6046e+15	6.5343e+15	1.4163e+16	1.9903e+16	4.0939e+15	1.0284e+16	3.1366e+16	4.1697e+16	8.43e+15	4.6187e+15	9.4838e+15	1.8496e+16	5.247e+15	2.5488e+16	1.2124e+16	6.5153e+14	8.6444e+15	2.8934e+16
1.0121e+16	2.9341e+16	2.4678e+14	7.3065e+15	2.8681e+16	7.5554e+15	8.9714e+15	2.3034e+16	6.2068e+15	1.7217e+16	1.1549e+16	2.1202e+16	8.9586e+15	3.7218e+16	1.9518e+15	5.7611e+15	2.9442e+16	5.0438e+15	1.8762e+16	1.7188e+16	1.7241e+16	8.1929e+15	7.7734e+12	2.054e+16	7.9539e+15	1.2249e+16	2.1962e+16	4.5536e+16	1.2143e+15	2.5153e+16	9.5587e+14	2.8069e+16	1.6227e+16	2.1098e+16	1.3085e+16	9.6546e+15	0.096238	6.1331e+14	1.8338e+15	3.131e+16	2.9362e+16	1.9768e+15	1.4991e+16	2.6088e+16	1.8424e+16	3.8248e+15	1.0392e+16	1.5383e+16	3.7703e+15	1.253e+16	2.6691e+16	2.6442e+16	1.8248e+16	6.8307e+15	2.2443e+15	3.1948e+16	2.771e+15	3.4071e+16	1.5274e+16	7.7671e+15	9.4443e+15	1.4821e+16
2.9045e+16	9.3773e+15	2.114e+16	2.6441e+16	4.0146e+16	2.6856e+16	6.654e+15	3.5628e+16	1.4664e+16	1.1078e+16	7.9519e+15	6.7801e+15	7.3932e+15	1.7151e+16	1.9884e+16	5.6254e+15	1.9142e+16	1.4053e+16	2.3196e+16	8.2182e+15	1.1487e+16	1.147e+16	2.1044e+15	8.6167e+15	4.5125e+15	2.0949e+16	2.0002e+16	1.107e+16	3.8559e+15	1.8444e+16	4.7219e+15	1.9276e+16	2.0299e+16	1.5711e+16	5.0182e+15	1.6846e+16	6.1331e+14	0.00052091	1.1412e+15	2.1345e+16	2.538e+16	6.5934e+15	2.4313e+15	2.1891e+16	8.6261e+15	7.5593e+15	8.8925e+15	3.7787e+14	2.5249e+15	6.9696e+15	1.1626e+16	4.0022e+16	1.5617e+15	3.8363e+15	1.3571e+16	2.1232e+16	2.8048e+15	2.1997e+16	7.3337e+15	6.1412e+14	4.1132e+14	1.0497e+16
9.1635e+14	9.1973e+15	7.3266e+14	1.0443e+16	1.6195e+16	1.0965e+16	5.7427e+15	6.752e+15	6.815e+15	1.5181e+16	1.6979e+16	1.6777e+16	5.4341e+15	3.0511e+16	1.0111e+16	3.8101e+16	9.0283e+15	1.0394e+16	3.1327e+16	1.3372e+16	4.2379e+15	1.3013e+16	4.3848e+14	9.9238e+15	2.3918e+16	1.72e+16	2.9197e+16	2.7972e+16	5.7949e+15	2.3457e+15	3.9718e+16	1.9984e+16	5.4014e+15	8.1316e+15	7.0056e+15	2.2831e+16	1.8338e+15	1.1412e+15	0.13163	1.9592e+16	2.3119e+16	2.8293e+16	9.5998e+15	4.5377e+15	4.0282e+15	1.6323e+16	7.26e+15	2.4258e+16	2.4131e+16	2.213e+16	9.3749e+15	4.3583e+16	1.3436e+16	5.4895e+15	1.8114e+16	4.3237e+15	2.8745e+16	1.12e+16	3.4873e+15	1.877e+16	1.4105e+16	2.2925e+16
3.142e+16	1.11e+16	3.2385e+15	8.8418e+15	3.4608e+15	9.1337e+15	1.328e+16	2.6557e+16	8.3531e+15	3.904e+16	3.4939e+16	5.1871e+15	1.5405e+16	2.149e+16	1.6813e+16	2.2889e+16	2.2038e+16	9.6627e+15	3.3218e+15	2.7726e+15	1.083e+16	2.9107e+16	3.4433e+16	2.5242e+15	3.1415e+15	2.7181e+16	1.5e+16	4.0277e+16	4.5418e+15	6.8084e+15	1.8987e+16	3.1485e+16	3.5552e+15	1.7558e+16	1.3246e+15	1.0657e+16	3.131e+16	2.1345e+16	1.9592e+16	0.11568	1.6022e+16	5.8099e+15	1.7247e+14	5.723e+15	9.8089e+15	2.1535e+15	1.6079e+16	9.5285e+15	1.4787e+16	1.2586e+16	3.5408e+16	5.4148e+16	4.8267e+15	1.3988e+16	1.0407e+16	1.1259e+16	1.613e+16	3.3573e+16	9.9061e+15	5.759e+14	1.8834e+16	1.565e+16
9.703e+15	5.5863e+15	4.6761e+15	3.0111e+16	5.6956e+15	1.4518e+16	1.9786e+16	3.4159e+16	2.0782e+16	2.7927e+15	5.12e+15	2.0101e+16	2.6416e+16	2.9728e+15	1.4852e+16	2.8479e+16	1.0474e+16	1.5224e+16	1.7723e+16	2.9325e+16	1.4558e+16	1.7184e+16	1.0588e+16	1.6052e+16	2.8525e+16	2.474e+16	1.8989e+16	3.4406e+16	7.3697e+14	1.3109e+16	1.8844e+16	1.4797e+16	2.7594e+16	1.3172e+15	1.7896e+16	4.0181e+16	2.9362e+16	2.538e+16	2.3119e+16	1.6022e+16	0.012721	1.2871e+16	2.6952e+15	1.7284e+15	1.391e+16	2.8301e+16	8.3377e+14	2.5894e+16	2.2051e+16	2.9857e+16	3.3597e+15	1.2442e+16	2.9071e+16	8.7423e+14	4.1715e+15	2.7183e+15	4.3169e+16	1.1971e+16	2.7326e+16	4.3354e+15	3.5866e+16	1.1448e+16
8.327e+15	2.5948e+16	2.8985e+15	4.7992e+15	7.9394e+14	1.27e+16	2.8443e+16	1.5651e+15	1.271e+16	2.4209e+16	2.6733e+15	1.418e+16	3.0047e+16	3.1339e+16	1.1418e+15	1.1407e+16	8.1938e+15	1.6725e+15	2.1783e+15	9.5269e+15	1.7665e+16	2.8148e+15	3.0545e+16	2.6399e+15	2.2356e+15	1.5754e+16	3.4295e+15	2.6953e+16	3.9143e+15	1.9889e+16	2.4229e+16	2.1084e+16	1.4608e+16	6.4494e+15	1.1165e+16	3.6318e+15	1.9768e+15	6.5934e+15	2.8293e+16	5.8099e+15	1.2871e+16	0.11758	2.6679e+15	2.4637e+16	7.767e+15	1.2058e+15	9.8647e+15	8.8841e+13	9.7401e+15	7.1858e+15	1.343e+16	3.488e+16	2.0452e+16	8.6529e+15	3.4307e+15	1.7728e+16	1.567e+16	3.3604e+16	4.3095e+15	2.5135e+15	2.2359e+16	8.1387e+15
3.3498e+15	2.6058e+16	5.8004e+15	8.6701e+15	5.5383e+15	3.167e+15	2.3259e+16	6.6098e+13	2.2401e+16	3.6673e+16	2.5157e+16	5.6031e+15	1.0654e+16	2.3218e+16	9.4449e+15	3.2071e+14	1.595e+15	1.2033e+16	1.949e+15	1.9111e+16	2.9211e+16	1.8042e+16	4.3283e+15	9.8318e+15	1.3447e+16	3.1784e+16	2.9337e+15	1.3515e+16	9.506e+15	2.9615e+16	5.9037e+15	2.2376e+16	1.1446e+16	1.6097e+16	7.0418e+15	1.1106e+14	1.4991e+16	2.4313e+15	9.5998e+15	1.7247e+14	2.6952e+15	2.6679e+15	0.061346	1.6747e+16	1.6996e+16	1.0573e+16	1.436e+16	1.8349e+15	5.3573e+15	9.2311e+15	3.1679e+16	1.269e+16	1.5379e+16	2.0361e+15	4.4729e+15	2.7325e+15	1.6097e+16	2.3554e+16	2.3532e+12	1.6184e+16	1.0674e+16	1.1854e+16
3.3614e+15	5.0536e+15	8.7112e+15	2.4373e+16	2.1124e+15	2.0487e+15	1.7836e+16	1.2613e+16	3.1669e+16	3.1201e+16	1.056e+16	1.209e+16	7.1592e+15	1.2496e+16	8.6958e+15	4.4577e+15	2.5245e+16	1.4809e+16	1.8539e+16	1.3295e+16	1.7659e+15	5.6025e+15	1.0226e+16	7.9172e+15	6.8272e+15	2.8644e+15	1.4285e+16	1.8852e+16	3.2469e+15	1.2928e+15	1.9424e+15	6.5738e+15	3.4503e+15	7.9981e+15	7.2211e+15	9.11e+15	2.6088e+16	2.1891e+16	4.5377e+15	5.723e+15	1.7284e+15	2.4637e+16	1.6747e+16	0.016671	1.1432e+16	1.3435e+16	1.3167e+16	2.3921e+16	8.5858e+15	1.1407e+16	3.0539e+15	2.2786e+16	1.9763e+16	7.1983e+15	1.867e+16	1.8442e+14	5.8965e+15	2.6069e+15	7.2654e+15	1.9265e+16	1.4372e+16	9.1042e+15
9.0364e+14	7.1252e+15	1.3056e+16	1.4471e+15	5.7848e+14	7.1847e+15	6.4657e+15	2.1991e+16	4.7185e+15	3.5875e+16	2.3344e+16	2.5688e+15	8.0502e+15	3.5401e+16	4.6585e+15	1.7501e+16	1.086e+16	1.0212e+16	6.8841e+15	1.1213e+16	1.9585e+16	1.399e+16	6.1711e+15	4.971e+15	8.9439e+15	1.1873e+16	2.4634e+13	3.4438e+16	1.6929e+15	3.5163e+15	3.5292e+15	4.0716e+16	2.282e+16	8.3991e+15	8.773e+15	6.6046e+15	1.8424e+16	8.6261e+15	4.0282e+15	9.8089e+15	1.391e+16	7.767e+15	1.6996e+16	1.1432e+16	0.049067	9.2243e+15	1.8365e+16	4.4836e+16	1.2678e+16	7.086e+15	4.6783e+15	2.3226e+16	2.0852e+16	2.1042e+16	1.4109e+16	1.8585e+15	1.6093e+14	2.6543e+16	7.7324e+14	5.216e+15	8.6937e+15	1.9938e+16
1.1279e+16	1.7453e+16	1.8423e+16	1.1343e+16	6.7089e+15	3.2603e+15	2.3667e+16	1.0256e+16	1.2461e+16	1.4067e+16	4.9428e+15	3.2892e+15	2.6671e+16	9.7465e+15	4.8529e+15	8.4066e+15	3.7201e+13	8.9863e+15	1.0197e+16	1.2001e+16	3.6088e+15	1.548e+16	1.2498e+16	9.3758e+14	5.0897e+15	9.0271e+15	3.1963e+15	1.684e+16	6.2115e+15	1.1818e+16	2.9806e+16	1.7918e+16	1.8083e+15	1.7068e+16	1.5011e+15	6.5343e+15	3.8248e+15	7.5593e+15	1.6323e+16	2.1535e+15	2.8301e+16	1.2058e+15	1.0573e+16	1.3435e+16	9.2243e+15	0.093648	8.1502e+14	9.8735e+15	9.292e+14	3.5069e+15	1.3608e+16	3.7002e+16	9.9622e+15	1.0866e+16	4.547e+15	8.0953e+15	2.175e+16	2.718e+16	3.1694e+15	1.1974e+15	6.4997e+15	1.4406e+16
1.2116e+16	1.9497e+16	9.7537e+15	1.4857e+16	3.5577e+15	1.5774e+15	1.5951e+16	1.9094e+14	2.789e+15	3.5626e+16	2.3653e+16	6.9753e+15	1.8368e+16	3.8473e+16	4.9376e+15	3.2112e+15	3.7944e+16	6.1461e+15	1.1759e+16	4.7478e+14	2.8903e+16	1.22e+16	9.1485e+15	4.8376e+15	1.3445e+16	2.7749e+16	3.3641e+16	2.466e+16	4.2532e+14	3.0647e+16	2.334e+15	2.9334e+16	1.8113e+16	8.3294e+14	1.135e+16	1.4163e+16	1.0392e+16	8.8925e+15	7.26e+15	1.6079e+16	8.3377e+14	9.8647e+15	1.436e+16	1.3167e+16	1.8365e+16	8.1502e+14	0.10232	1.3822e+16	7.1214e+15	1.3543e+16	1.7252e+16	1.1881e+16	4.7354e+15	1.5862e+16	1.7199e+16	7.9933e+13	9.1901e+15	2.7007e+16	3.3225e+15	7.0466e+15	2.1066e+16	1.3577e+16
5.6681e+15	2.7812e+16	2.518e+16	3.0119e+15	2.1509e+16	3.0096e+16	5.6536e+15	6.0787e+15	2.9148e+15	4.597e+16	2.2437e+16	1.9963e+16	1.0701e+16	4.6335e+16	7.2208e+15	8.1393e+14	2.786e+16	7.9781e+15	1.0353e+16	8.6151e+15	3.2527e+16	1.3817e+16	3.5327e+16	2.1294e+16	1.8369e+16	2.2578e+16	1.929e+16	5.2266e+16	1.8988e+16	3.7325e+16	1.0631e+16	3.6602e+16	1.1012e+16	2.1017e+16	2.657e+16	1.9903e+16	1.5383e+16	3.7787e+14	2.4258e+16	9.5285e+15	2.5894e+16	8.8841e+13	1.8349e+15	2.3921e+16	4.4836e+16	9.8735e+15	1.3822e+16	0.090678	2.5333e+16	2.1622e+16	3.1573e+16	5.0807e+16	2.008e+16	3.4426e+16	9.3539e+15	7.195e+15	1.245e+16	4.663e+16	1.6002e+16	1.5431e+16	3.3272e+16	2.5946e+16
6.1631e+15	1.2566e+16	6.7569e+15	1.4117e+16	1.1837e+16	1.4063e+15	1.3404e+16	1.3406e+16	1.7386e+16	3.5663e+16	1.3275e+16	5.3731e+15	9.544e+15	2.3679e+16	2.225e+15	8.3351e+15	1.1909e+16	1.6471e+15	2.2586e+16	7.9323e+15	1.3478e+16	2.5086e+15	2.798e+16	2.0572e+15	3.6866e+15	4.9836e+15	2.2345e+16	1.7228e+16	8.3574e+15	1.5343e+16	1.8653e+16	2.2313e+16	7.3283e+15	2.0011e+16	1.1476e+16	4.0939e+15	3.7703e+15	2.5249e+15	2.4131e+16	1.4787e+16	2.2051e+16	9.7401e+15	5.3573e+15	8.5858e+15	1.2678e+16	9.292e+14	7.1214e+15	2.5333e+16	0.056534	2.3061e+15	1.309e+15	2.4511e+16	8.1404e+15	3.9652e+15	6.1047e+15	2.9585e+15	1.6369e+15	1.1462e+16	1.2397e+16	1.1916e+16	1.7895e+16	3.1556e+16
8.3022e+15	2.4865e+15	2.4721e+14	2.2791e+16	1.9707e+16	3.4852e+15	4.9116e+15	1.2405e+16	7.5676e+15	2.8823e+16	5.7787e+15	3.2127e+15	1.9819e+16	2.2399e+16	1.0164e+15	7.9401e+15	7.3856e+15	3.241e+15	3.3132e+16	5.0162e+15	6.502e+15	2.9689e+15	2.6969e+16	5.3408e+13	1.955e+15	3.3618e+15	1.2663e+16	2.0599e+16	7.9533e+15	1.7633e+16	2.8923e+16	2.2573e+16	4.4555e+15	2.2502e+16	2.116e+11	1.0284e+16	1.253e+16	6.9696e+15	2.213e+16	1.2586e+16	2.9857e+16	7.1858e+15	9.2311e+15	1.1407e+16	7.086e+15	3.5069e+15	1.3543e+16	2.1622e+16	2.3061e+15	0.0048473	8.6454e+14	2.4796e+16	8.3256e+15	5.4017e+15	3.6571e+14	5.201e+15	1.2164e+16	9.6381e+15	2.1972e+16	1.2545e+16	1.3976e+16	2.8238e+16
1.2293e+16	4.7349e+15	3.564e+14	2.0114e+16	2.6737e+16	2.2615e+16	1.6695e+16	3.6711e+16	6.2692e+15	9.0488e+15	4.0213e+15	7.6853e+15	2.15e+16	4.9981e+15	2.9301e+16	2.0881e+16	2.1139e+16	2.5273e+16	2.8271e+16	1.7991e+16	2.2812e+15	2.8703e+16	9.8069e+15	2.0503e+16	1.7335e+13	2.1885e+15	1.3032e+16	1.4665e+16	2.494e+16	1.1953e+16	1.6286e+16	1.8804e+16	3.8715e+16	2.2966e+15	1.9776e+16	3.1366e+16	2.6691e+16	1.1626e+16	9.3749e+15	3.5408e+16	3.3597e+15	1.343e+16	3.1679e+16	3.0539e+15	4.6783e+15	1.3608e+16	1.7252e+16	3.1573e+16	1.309e+15	8.6454e+14	0.043152	3.4381e+15	3.3742e+14	1.6048e+16	1.8343e+16	5.6294e+15	1.1831e+16	2.4274e+16	4.4355e+16	1.0721e+16	5.7738e+15	1.3433e+16
1.0566e+16	3.8303e+15	3.7789e+16	2.4641e+16	2.2622e+16	4.0098e+16	3.6461e+15	4.4583e+16	1.7247e+16	3.251e+16	1.0144e+16	7.6461e+15	2.6099e+15	1.1694e+15	1.0757e+16	2.3248e+16	5.3777e+15	6.0863e+16	2.7976e+16	4.0792e+16	1.1855e+16	1.6806e+16	4.2041e+16	4.7205e+16	1.9301e+16	8.5869e+15	9.5178e+15	5.1422e+14	2.2392e+16	1.3408e+16	1.4961e+16	7.5103e+14	3.0267e+16	3.5943e+16	3.1307e+16	4.1697e+16	2.6442e+16	4.0022e+16	4.3583e+16	5.4148e+16	1.2442e+16	3.488e+16	1.269e+16	2.2786e+16	2.3226e+16	3.7002e+16	1.1881e+16	5.0807e+16	2.4511e+16	2.4796e+16	3.4381e+15	0.051128	6.5932e+15	8.0277e+15	1.5186e+16	2.3592e+16	2.4563e+16	1.0373e+15	2.3301e+16	2.6338e+16	2.4617e+16	3.6981e+15
2.9735e+15	1.7985e+16	3.5821e+15	1.043e+16	6.5369e+15	2.1378e+15	3.907e+15	7.2521e+15	4.2871e+15	2.9413e+16	8.567e+15	1.3441e+16	1.4573e+16	2.1424e+15	6.7587e+15	1.2296e+16	1.2845e+16	4.4152e+15	2.9536e+16	1.9896e+15	6.8957e+15	1.8831e+16	1.7794e+16	4.7014e+15	1.5739e+16	8.676e+15	7.0442e+15	8.0844e+15	6.3751e+15	1.3261e+15	1.065e+16	5.042e+15	2.838e+16	1.7577e+15	2.0165e+16	8.43e+15	1.8248e+16	1.5617e+15	1.3436e+16	4.8267e+15	2.9071e+16	2.0452e+16	1.5379e+16	1.9763e+16	2.0852e+16	9.9622e+15	4.7354e+15	2.008e+16	8.1404e+15	8.3256e+15	3.3742e+14	6.5932e+15	0.06265	1.3762e+16	1.5216e+16	1.821e+16	4.049e+15	1.7451e+16	9.4215e+15	2.3514e+16	9.9056e+15	8.8722e+15
5.1183e+15	5.5591e+15	1.3316e+16	3.4865e+15	6.9525e+15	4.0548e+15	3.113e+16	1.0488e+16	2.0015e+16	2.7973e+16	2.2332e+16	1.2132e+16	2.4755e+16	2.3414e+16	1.0936e+16	5.5292e+14	6.7957e+15	2.7368e+15	2.4873e+16	3.7794e+15	1.0114e+16	1.6341e+15	1.1458e+16	4.6358e+15	9.0551e+15	1.3778e+16	1.3664e+16	1.3871e+16	3.8424e+15	2.3476e+16	1.8201e+16	2.6209e+16	1.0973e+15	1.2635e+15	5.763e+15	4.6187e+15	6.8307e+15	3.8363e+15	5.4895e+15	1.3988e+16	8.7423e+14	8.6529e+15	2.0361e+15	7.1983e+15	2.1042e+16	1.0866e+16	1.5862e+16	3.4426e+16	3.9652e+15	5.4017e+15	1.6048e+16	8.0277e+15	1.3762e+16	0.097989	5.8194e+15	4.2953e+15	3.1097e+15	1.4762e+15	8.5798e+14	1.2831e+16	3.336e+15	4.1666e+16
2.3652e+14	2.2622e+16	1.4377e+15	2.0458e+16	9.814e+15	4.7897e+15	1.6008e+16	4.2366e+15	1.5843e+16	3.4441e+16	1.7491e+16	1.0459e+16	2.2388e+15	2.9767e+16	1.3474e+16	8.1965e+15	1.7493e+16	8.0873e+14	1.4093e+16	1.105e+16	1.8164e+16	2.0351e+16	7.7108e+14	7.0725e+15	8.8174e+14	2.609e+16	1.6689e+16	1.3531e+16	3.4944e+14	3.2403e+16	2.116e+16	3.5803e+16	1.12e+15	3.7667e+14	6.5348e+15	9.4838e+15	2.2443e+15	1.3571e+16	1.8114e+16	1.0407e+16	4.1715e+15	3.4307e+15	4.4729e+15	1.867e+16	1.4109e+16	4.547e+15	1.7199e+16	9.3539e+15	6.1047e+15	3.6571e+14	1.8343e+16	1.5186e+16	1.5216e+16	5.8194e+15	0.139	6.5084e+14	3.7595e+15	1.9585e+16	3.0752e+15	9.459e+15	6.3407e+15	1.2455e+16
1.8149e+16	2.1373e+16	2.1115e+16	7.9314e+15	4.3642e+15	5.5815e+15	9.572e+15	2.7551e+15	2.1427e+16	1.8718e+16	9.7856e+15	5.6853e+15	2.7427e+16	2.6351e+16	1.3741e+16	4.5441e+15	2.0335e+16	1.0376e+16	2.388e+16	5.8997e+15	3.5823e+15	4.1683e+15	1.4585e+16	7.7277e+15	6.2031e+15	1.4193e+16	1.27e+16	2.751e+16	1.5781e+16	5.3096e+15	1.7767e+16	2.0009e+16	1.2001e+16	2.2538e+15	6.0029e+15	1.8496e+16	3.1948e+16	2.1232e+16	4.3237e+15	1.1259e+16	2.7183e+15	1.7728e+16	2.7325e+15	1.8442e+14	1.8585e+15	8.0953e+15	7.9933e+13	7.195e+15	2.9585e+15	5.201e+15	5.6294e+15	2.3592e+16	1.821e+16	4.2953e+15	6.5084e+14	0.066549	1.0924e+16	2.4903e+16	1.158e+16	2.6805e+15	2.9752e+14	2.4928e+16
1.2686e+16	1.7096e+15	7.0665e+15	1.6617e+16	5.575e+15	2.3894e+16	9.1692e+15	8.4052e+14	4.7015e+15	3.4019e+16	1.3657e+16	1.0539e+16	2.7858e+16	1.6515e+15	1.3749e+16	7.9805e+15	2.6192e+16	3.1815e+16	1.8137e+16	1.3302e+16	1.7926e+16	4.4723e+15	2.9291e+16	3.111e+16	1.5551e+16	1.7615e+16	6.6095e+15	1.3348e+16	3.2438e+15	2.3547e+16	1.1007e+16	2.3964e+16	1.1998e+16	3.823e+16	2.2599e+15	5.247e+15	2.771e+15	2.8048e+15	2.8745e+16	1.613e+16	4.3169e+16	1.567e+16	1.6097e+16	5.8965e+15	1.6093e+14	2.175e+16	9.1901e+15	1.245e+16	1.6369e+15	1.2164e+16	1.1831e+16	2.4563e+16	4.049e+15	3.1097e+15	3.7595e+15	1.0924e+16	0.13774	5.5111e+15	6.9351e+15	5.4186e+15	7.1602e+14	2.3145e+16
2.3661e+15	2.508e+16	7.6075e+15	2.0929e+16	2.8035e+16	2.7702e+16	2.3017e+15	2.4041e+16	2.685e+15	6.4392e+15	1.036e+15	2.7138e+16	1.0843e+16	8.2222e+14	1.8263e+16	2.1333e+16	1.4483e+16	3.7729e+16	1.6262e+16	1.6632e+16	9.5908e+15	5.1666e+15	4.8895e+15	2.3161e+16	6.5624e+15	4.0958e+15	6.2238e+15	2.8895e+15	6.3422e+15	7.4884e+15	1.6598e+16	8.2227e+15	2.4244e+16	5.2718e+15	1.4724e+16	2.5488e+16	3.4071e+16	2.1997e+16	1.12e+16	3.3573e+16	1.1971e+16	3.3604e+16	2.3554e+16	2.6069e+15	2.6543e+16	2.718e+16	2.7007e+16	4.663e+16	1.1462e+16	9.6381e+15	2.4274e+16	1.0373e+15	1.7451e+16	1.4762e+15	1.9585e+16	2.4903e+16	5.5111e+15	0.014894	1.2188e+16	1.9338e+16	4.5252e+15	8.8709e+15
6.4213e+15	3.5321e+16	1.4938e+16	1.3854e+16	1.3632e+16	7.6884e+15	1.3363e+16	1.8848e+16	2.4115e+16	2.1604e+16	1.0096e+16	2.2977e+16	1.6971e+16	4.4862e+16	8.01e+15	2.3519e+15	1.4372e+16	3.4793e+15	3.0901e+15	3.5467e+15	1.8586e+16	9.1934e+15	3.9208e+15	7.1334e+14	2.5942e+16	5.0886e+15	1.4342e+16	2.5437e+16	9.5269e+15	3.2527e+15	2.3725e+16	3.8662e+16	1.1837e+16	7.1831e+15	2.4864e+16	1.2124e+16	1.5274e+16	7.3337e+15	3.4873e+15	9.9061e+15	2.7326e+16	4.3095e+15	2.3532e+12	7.2654e+15	7.7324e+14	3.1694e+15	3.3225e+15	1.6002e+16	1.2397e+16	2.1972e+16	4.4355e+16	2.3301e+16	9.4215e+15	8.5798e+14	3.0752e+15	1.158e+16	6.9351e+15	1.2188e+16	0.063998	3.7461e+15	1.3895e+16	2.7536e+16
